58745
3768
33468
608
582
598
599
17619
583
2161
37453
17926
47269
17928
17932
589
17841
33816
584
37455
605
72904
607
72913
17703
594
590
602
29248
72907
609
37456
603
77114
592
586
72903
597
17812
587
54731
585
17924
591
593
3766
37454
17930
12044
11381
11379
12042
11400
52250
11393
11365
11371
11387
11174
11194
11190
37457
37458
37460
37459
11202
11196
11176
11184
11186
11178
11198
11200
12034
12032
11377
12038
11188
11192
11182
11172
44993
32872
16240
73796
16236
73789
32876
16238
73795
32874
49710
42685
32878
16242
73794
34317
34828
35683
34562